9917
10097
10196
10292
10258
10278
10399
10426
10430
10371
10357
10357
10214
10036
10157
10141
10181
9950
10030
10260
10413
10455
10376
10489
10562
10547
10558
10564
10541
10722
10760
10182
9822
9784
9278
9056
9521
9180
9581
9149
8633
8079
8606
8167
7433
8256
7254
7731
7449
7278
7054
7753
7815
8164
7798
8146
7925
7569
7788
7732
8283
8238
8552
8641
8610
8477
8700
8550
8618
8846
8680
8420
8610
8597
8707
8810
8963
8913
8636
8746
8944
8993
8778
8606
8750
8764
9056
9014
9146
9075
9090
9100
9190
9361
9310
9373
9394
9572
9717
9705
9966
9958
9855
9731
9133
9301
9386
9567
9482
9502
9431
9513
9514
9316
9423
9206
9385
9563
9555
9606
9615
9736
9665
9707
9638
9713
9660
9792
9854
9845
9897
9956
9939
9714
9742
9661
9776
9697
9914
9985
9972
10025
10099
10191
10148
10304
10311
10268
10227
10189
10233
10227
10272
10397
10480
10534
10625
10566
10597
10690
10877
10490
10423
10417
10100
10326
10139
10145
10236
10255
10178
10070
9974
9768
9808
9946
10105
10101
10159
10214
10119
10308
10167
10382
10459
10520
10663
10602
10515
10509
10514
10362
10393
10296
10356
10390
10209
10143
9780
9917
9813
10089
10287
10429
10392
10703
10683
10793
10644
10758
10861
10770
10625
10669
10729
10892
10860
10840
10840
10830
10961
10996
10922
11045
10962
11000
10926
10884
10873
10836
10935
10924
10967
10952
10903
10914
10920
10944
10959
11075
11017
11059
10904
10932
11027
11286
11317
11261
11316
11263
11181
11171
11283
11405
11401
11400
11434
11407
11177
11309
11115
11315
11486
11498
11681
11728
11774
11700
11731
11829
11870
11941
11891
11836
11790
11704
11910
11641
11613
11932
11825
11695
11638
11916
11936
12044
12111
12247
12314
12416
12384
12400
12232
12204
12284
12166
12127
12239
12479
12494
12552
12614
12741
12739
12883
12816
12836
12832
12983
12961
12917
12872
12993
13032
12908
12806
12921
12791
12924
12980
13069
13147
13058
13145
13198
13087
12951
12772
12929
13101
13040
12904
12897
12992
12992
13107
13067
13141
13255
13241
13199
13221
13234
13271
13302
13230
13234
13233
13272
13341
13404
13383
13388
13327
13142
13330
13455
13479
13550
13558
13569
13581
13661
13804
13847
13811
13732
13793
13596
13781
13857
13842
13767
13719
13612
13359
13612
13964
13960
13845
13826
13855
13802
13736
13815
13826
13939
14011
14067
14061
14118
14019
14020
13962
13870
13876
13984
14094
14127
14185
14094
14184
14267
14287
14267
14302
14283
14277
14292
14268
14145
14062
14103
13974
14062
14092
13696
13641
14090
14154
14152
13941
13998
13771
13874
13685
13920
13948
14108
14153
14206
14170
14201
14508
14665
14705
14876
14879
14892
14835
14920
14985
14877
14998
15084
15114
15271
15288
15325
15291
15183
15208
15255
15333
15362
15511
15380
15457
15401
15528
15580
15526
15021
15220
14866
14655
14881
14753
14981
15243
15324
15169
15326
15202
15107
15409
15229
15040
14876
15209
15372
15504
15493
15781
15757
15796
15867
15964
15634
15610
15441
15582
15533
15242
15285
15314
15054
14855
14632
14357
14416
14219
14298
14324
14671
14912
14956
15064
14768
14878
14828
14986
15212
14632
14575
14843
14829
14450
14362
14328
13941
14227
14544
14476
14219
14562
14461
14297
13932
13879
14253
14231
14203
14177
14499
14897
15044
15386
15705
15502
15855
15958
16332
16301
16187
15911
15993
16141
16132
15927
16014
16079
15926
15880
16055
15959
15998
16081
16605
16447
16252
15822
15762
15326
15503
15459
15566
15511
14929
14999
14690
14578
15013
14913
15219
14506
14358
14352
14630
14411
14608
14842
15210
15352
15343
15363
15620
15486
15701
15845
15869
15466
15103
14425
14469
14604
14017
14261
14256
14744
14694
14728
15110
15162
14929
14979
14776
14820
14948
14924
14999
15244
15279
15188
15024
15063
15122
15208
15619
15750
15772
15545
15546
15428
15749
15744
15768
15483
15716
15952
15865
16117
16044
16019
16116
16357
16448
16619
16575
16787
16675
16336
16255
16308
16511
16140
16059
15890
15871
15985
15844
15835
16091
16543
16576
16715
16858
16351
16279
16070
16083
15952
15765
15312
15205
15197
15454
15179
14960
15328
15714
15761
15631
15168
15113
15140
15586
15341
15775
15992
15966
15870
16114
16306
16481
16123
16089
16665
16598
16402
15902
15981
16081
16088
15822
16182
16070
16022
16066
15931
15972
16057
16194
16182
16164
16159
15887
15859
16143
15957
15836
15764
15624
15410
15570
15435
15778
15624
15531
15396
15057
14738
14451
14724
14564
14601
14701
14720
14567
14661
14381
14617
14622
14736
14901
15046
14789
14691
14753
15020
14499
14414
14753
15058
15045
14912
15115
15213
15058
15212
15206
15460
15735
15661
15665
15576
15448
15493
15737
15789
15998
15808
15773
15758
15508
15486
15560
15617
15580
15477
15659
15823
15859
15757
15751
15339
14933
14785
15191
14938
15228
14963
15278
14844
14858
14941
14966
15014
15375
15579
15759
15754
15540
15460
15588
15687
15804
15839
15719
15844
15965
16087
16060
16153
15987
15978
16017
15701
15632
15987
16446
16539
16114
16145
16051
16007
16037
16183
16233
16182
16513
16767
16659
16755
16586
16572
16759
17086
17025
16966
16796
16939
17333
17229
17258
17129
17132
17187
17380
17547
17605
17813
17956
17989
17831
17778
17996
17898
17836
18070
18124
18287
18450
18479
18479
18430
18249
17995
17902
17823
17800
17869
18029
18178
18308
18236
18468
18510
18501
18397
18175
18544
18767
18820
18591
18468
18219
18560
18535
18470
18606
18777
18578
18538
18299
18249
18494
18373
18467
18390
18556
18670
18879
18974
18886
18991
19029
19118
18996
18818
18841
18935
18905
18909
19131
18927
18900
18798
18396
18456
18587
18330
18405
18506
18482
18500
18172
18267
18232
18547
18651
18807
18776
18640
18836
18867
18618
18471
18231
18184
18345
18116
17914
17767
17939
18293
18382
18788
18876
19001
19073
18966
19300
19292
19519
19642
19594
19514
19428
19411
19658
19656
19438
19298
19300
19485
19403
19398
19403
19316
18831
19192
19331
19386
19228
19284
19242
19396
19694
19333
19377
19392
19399
19552
19452
19459
19357
19507
19675
19745
19989
19931
19926
20028
20163
20161
20330
20583
20621
20684
20658
20745
20808
20843
20856
20423
20628
21173
21095
21030
21243
21454
21539
21430
21611
21709
21574
21623
21463
21546
21982
21943
21958
21948
22013
22157
22182
21903
21865
21921
21626
21606
21949
21931
22007
21972
22105
22657
22851
22796
22711
22684
22874
22883
22886
22889
22701
22748
22359

